19 1 38 0
23 1 37 0
2 1 51 0
3 1 50 0
3 1 51 0
4 1 51 0
4 1 44 0
5 1 36 0
9 1 34 0
9 1 31 0
11 1 36 0
11 1 35 0
11 1 34 0
11 1 31 0
14 1 46 0
15 1 46 0
24 0 36 0
22 0 38 0
21 0 38 0
6 0 44 0
15 1 29 0
15 1 45 0
16 1 46 0
6 2 51 0
17 2 43 0
2 0 50 0
14 0 50 0
3 0 51 0
4 0 44 0
8 0 53 0
6 0 31 0
9 1 34 1
11 1 34 1
11 1 35 1
11 1 36 1
15 1 46 1
15 1 45 1
16 1 46 1
19 1 29 1
2 1 49 1
4 0 44 1
24 0 36 1
22 0 38 1
21 0 38 1
6 0 44 1
2 0 49 1
2 0 50 1
4 1 51 1
3 1 50 1
2 1 51 1
2 1 50 1
3 0 51 1
8 1 53 1
6 1 51 1
1 0 51 1
7 1 51 1
6 2 51 1
19 1 38 1
23 1 37 1
23 1 42 1
4 1 44 1
14 0 50 1
6 0 31 2
24 0 36 2
4 0 44 2
9 0 34 2
22 0 38 2
21 0 38 2
6 0 44 2
2 0 49 2
19 1 38 2
23 1 37 2
7 1 51 2
2 1 50 2
2 1 48 2
2 1 49 2
9 1 34 2
11 1 31 2
11 1 36 2
11 1 34 2
6 1 51 2
8 1 53 2
9 1 31 2
5 1 36 2
4 1 51 2
4 1 44 2
3 1 50 2
16 1 46 2
2 1 51 2
6 2 51 2
17 2 43 2
1 0 51 2
11 1 35 2
3 0 51 2
14 0 50 2
2 0 50 2
15 1 45 2
15 1 46 2
3 0 51 3
1 0 51 3
17 2 43 3
16 1 46 3
15 1 45 3
4 1 44 3
19 1 38 3
2 1 50 3
6 1 51 3
11 1 36 3
23 1 37 3
4 1 51 3
7 1 51 3
2 1 51 3
6 2 51 3
15 1 46 3
14 0 50 3
8 1 53 3
24 0 36 3
4 0 44 3
6 1 31 3
11 1 35 3
11 1 34 3
9 1 31 3
9 1 34 3
11 1 31 3
6 0 31 3
22 0 38 3
21 0 38 3
6 0 44 3
2 0 49 3
2 0 50 3
2 0 50 4
9 1 31 4
11 1 31 4
6 0 44 4
21 0 38 4
22 0 38 4
24 0 36 4
9 1 34 4
11 1 34 4
6 1 31 4
11 1 36 4
19 1 40 4
19 1 38 4
3 0 51 4
23 1 37 4
7 1 51 4
2 1 51 4
4 1 51 4
2 1 50 4
16 1 46 4
6 1 51 4
15 1 46 4
4 0 44 4
8 1 53 4
7 1 52 4
3 1 50 4
11 1 35 4
1 0 51 4
17 2 43 4
6 2 51 4
4 1 45 4
15 1 45 4
14 0 50 4
5 1 36 4
6 2 51 5
17 2 43 5
2 1 51 5
15 1 45 5
1 0 51 5
19 1 29 5
9 1 34 5
11 1 35 5
11 1 36 5
9 1 31 5
11 1 34 5
11 1 31 5
15 1 46 5
16 1 46 5
3 1 50 5
2 1 50 5
20 0 40 5
6 0 44 5
2 0 50 5
14 0 50 5
3 0 51 5
19 1 38 5
23 1 37 5
8 1 53 5
24 0 36 5
4 0 44 5
6 0 31 5
22 0 38 5
21 0 38 5
4 1 51 5
4 1 44 5
6 1 51 5
7 1 51 5
11 1 35 6
11 1 36 6
4 1 45 6
4 1 44 6
26 1 38 6
19 1 38 6
16 1 46 6
5 1 36 6
15 1 45 6
15 1 46 6
9 1 31 6
6 1 51 6
25 1 35 6
11 1 31 6
6 0 44 6
2 0 50 6
14 0 50 6
3 0 51 6
2 1 51 6
3 1 50 6
6 1 31 6
4 1 51 6
23 1 37 6
4 0 44 6
7 1 51 6
1 0 51 6
6 2 51 6
24 0 36 6
22 0 38 6
21 0 38 6
6 0 31 6
3 1 50 7
7 1 51 7
6 0 31 7
4 0 44 7
24 0 36 7
11 1 35 7
15 1 46 7
11 1 34 7
19 1 38 7
23 1 37 7
3 1 51 7
2 1 51 7
22 0 38 7
2 0 50 7
14 0 50 7
4 1 51 7
6 0 44 7
21 0 38 7
15 1 45 7
11 1 36 7
2 1 50 7
9 1 34 7
9 1 31 7
11 1 31 7
16 1 46 7
6 2 51 7
3 0 51 7
1 0 51 7
23 1 37 8
2 1 49 8
11 1 35 8
11 1 36 8
2 1 50 8
24 0 36 8
4 0 44 8
9 1 34 8
6 0 44 8
2 0 50 8
3 1 50 8
6 1 51 8
4 1 51 8
19 0 40 8
1 0 51 8
14 0 50 8
7 2 51 8
6 2 51 8
7 1 51 8
2 1 51 8
6 0 31 8
9 0 34 8
21 0 38 8
19 1 38 8
15 1 29 8
15 1 45 8
16 1 46 8
9 1 31 8
16 1 29 8
3 0 51 9
2 0 50 9
6 0 44 9
2 0 49 9
20 0 40 9
19 0 40 9
21 0 38 9
14 0 50 9
4 1 51 9
6 1 31 9
11 1 36 9
19 1 38 9
26 1 38 9
15 1 45 9
8 1 53 9
7 1 52 9
6 1 51 9
3 1 50 9
15 1 46 9
2 1 50 9
16 1 46 9
24 0 36 9
11 1 31 9
2 1 51 9
11 1 34 9
9 1 31 9
9 1 34 9
6 2 51 9
1 0 51 9
7 0 52 9
6 0 31 9
4 0 44 9
22 0 38 9
6 0 44 10
2 0 49 10
2 0 50 10
14 0 50 10
3 0 51 10
1 0 51 10
4 0 44 10
8 0 53 10
6 0 31 10
24 0 36 10
21 0 38 10
20 0 40 10
23 0 43 10
6 1 51 10
3 1 51 10
7 1 52 10
7 1 53 10
4 1 51 10
2 1 51 10
8 1 53 10
3 1 50 10
2 1 50 10
6 1 44 10
6 1 31 10
5 1 36 10
11 1 35 10
11 1 36 10
11 1 31 10
9 1 34 10
9 1 31 10
16 1 46 10
15 1 45 10
14 1 46 10
11 1 34 10
18 1 41 10
19 1 38 10
23 1 37 10
26 1 36 10
2 1 49 10
23 1 42 10
6 2 51 10
7 0 52 10
23 1 37 11
2 1 48 11
9 1 34 11
11 1 34 11
14 1 46 11
4 1 45 11
15 1 46 11
2 1 51 11
4 1 51 11
6 1 51 11
2 1 50 11
3 1 50 11
11 1 35 11
11 1 36 11
5 1 36 11
16 1 46 11
7 1 52 11
8 1 53 11
23 1 42 11
4 1 44 11
15 1 45 11
6 0 31 11
9 0 34 11
1 0 51 11
3 0 51 11
14 0 50 11
2 0 50 11
6 0 44 11
23 0 43 11
11 1 31 11
19 1 38 11
18 1 41 11
9 1 31 11
21 0 38 11
3 1 51 11
24 0 36 11
4 0 44 11
4 0 30 11
7 0 52 11
6 2 51 11
15 1 45 12
8 1 53 12
11 1 36 12
11 1 35 12
9 1 31 12
9 1 34 12
11 1 31 12
11 1 34 12
15 1 46 12
16 1 46 12
19 1 29 12
6 1 31 12
2 1 50 12
3 1 50 12
2 1 48 12
20 0 40 12
21 0 38 12
6 1 51 12
4 1 51 12
4 1 45 12
2 1 51 12
7 1 52 12
19 1 38 12
26 1 38 12
6 1 44 12
24 0 36 12
6 0 31 12
4 0 44 12
8 0 53 12
6 2 51 12
2 0 50 12
2 0 49 12
6 0 44 12
14 0 50 12
1 0 51 12
3 0 51 12
7 0 52 12
9 1 34 13
11 1 36 13
19 1 38 13
8 1 53 13
6 1 31 13
6 1 51 13
7 1 52 13
4 1 51 13
16 1 46 13
3 1 51 13
15 1 46 13
15 1 45 13
11 1 34 13
11 1 35 13
11 1 31 13
9 1 31 13
1 0 51 13
3 0 51 13
2 0 50 13
2 0 49 13
6 0 44 13
22 0 38 13
21 0 38 13
24 0 36 13
23 1 37 13
2 1 51 13
3 1 50 13
2 1 50 13
2 1 49 13
6 0 31 13
14 0 50 13
7 0 52 13
0 2 43 13
6 2 51 13
19 1 40 13
4 0 44 13
7 0 52 14
4 1 51 14
3 1 50 14
17 2 43 14
2 1 50 14
5 1 36 14
2 1 51 14
7 1 52 14
8 1 53 14
26 1 36 14
19 1 38 14
15 1 45 14
16 1 46 14
6 1 51 14
6 1 31 14
26 1 38 14
4 0 44 14
11 1 36 14
24 0 36 14
2 0 50 14
2 0 49 14
11 1 35 14
25 1 35 14
15 1 46 14
6 2 51 14
21 0 38 14
11 1 31 14
9 1 31 14
6 0 44 14
11 1 34 14
8 0 53 14
3 0 51 14
14 0 50 14
6 0 31 14
1 0 51 14
2 1 49 15
4 1 51 15
15 1 45 15
3 1 50 15
7 1 51 15
17 2 43 15
6 2 51 15
4 1 45 15
4 1 44 15
2 1 51 15
23 1 37 15
18 1 41 15
19 1 38 15
26 1 38 15
4 1 30 15
5 1 36 15
9 1 31 15
9 1 34 15
16 1 46 15
6 0 31 15
4 0 30 15
4 0 44 15
24 0 36 15
3 1 51 15
23 1 42 15
11 1 31 15
6 1 31 15
11 1 35 15
11 1 34 15
8 0 53 15
7 1 52 15
6 1 44 15
1 0 51 15
21 0 38 15
14 0 50 15
3 0 51 15
2 0 49 15
6 0 44 15
2 0 50 15
8 1 53 15
11 1 36 15
7 0 52 15
16 1 46 16
3 1 50 16
7 1 52 16
2 1 48 16
15 1 46 16
6 2 51 16
7 1 51 16
15 1 45 16
11 1 31 16
11 1 35 16
11 1 34 16
6 1 31 16
9 1 31 16
11 1 36 16
8 1 31 16
2 0 50 16
14 0 50 16
2 0 49 16
6 0 44 16
2 1 50 16
5 1 36 16
26 1 38 16
24 0 36 16
4 0 44 16
8 1 53 16
19 1 38 16
4 1 44 16
2 1 51 16
4 1 51 16
6 1 51 16
6 0 31 16
21 0 38 16
20 0 40 16
3 0 51 16
1 0 51 16
7 0 52 16
24 0 36 17
16 1 46 17
15 1 46 17
21 0 38 17
1 0 51 17
9 1 34 17
11 1 34 17
11 1 35 17
9 1 31 17
11 1 31 17
6 0 31 17
2 0 50 17
7 0 52 17
2 0 49 17
6 0 44 17
3 0 51 17
2 1 51 17
14 0 50 17
26 1 38 17
6 1 51 17
6 1 31 17
4 1 44 17
19 1 38 17
4 1 51 17
4 1 45 17
2 1 50 17
3 1 50 17
15 1 45 17
11 1 36 17
6 2 51 17
8 1 53 17
7 1 52 17
4 0 44 17
8 0 53 17
7 1 51 17
1 0 51 18
6 1 31 18
7 0 52 18
3 1 51 18
7 1 52 18
22 0 38 18
2 1 50 18
24 0 36 18
15 1 45 18
15 1 29 18
14 1 46 18
11 1 35 18
11 1 34 18
6 2 51 18
3 0 51 18
11 1 31 18
9 1 31 18
16 1 46 18
15 1 46 18
9 0 34 18
6 0 31 18
8 0 53 18
4 0 44 18
8 1 53 18
26 1 38 18
23 1 42 18
4 1 44 18
19 1 38 18
2 1 51 18
5 1 36 18
23 1 37 18
14 0 50 18
2 0 50 18
2 0 49 18
4 1 51 18
4 1 45 18
6 1 51 18
11 1 36 18
9 1 34 18
3 1 50 18
2 1 48 18
21 0 38 18
20 0 40 18
6 0 44 18
16 1 46 19
6 1 31 19
11 1 31 19
9 1 34 19
11 1 34 19
6 2 51 19
2 1 51 19
18 1 41 19
26 1 38 19
19 1 38 19
23 1 37 19
11 1 35 19
4 1 51 19
4 1 45 19
2 1 50 19
3 1 50 19
2 1 49 19
4 1 44 19
22 0 38 19
7 1 51 19
5 1 36 19
11 1 36 19
6 1 51 19
15 1 45 19
8 1 53 19
24 0 36 19
2 0 49 19
2 0 50 19
14 0 50 19
4 0 44 19
8 0 53 19
6 0 31 19
21 0 38 19
1 0 51 19
3 0 51 19
6 0 44 19
20 0 40 19
6 1 51 20
7 1 52 20
9 1 34 20
11 1 34 20
6 1 31 20
4 1 44 20
18 1 41 20
19 1 38 20
3 1 50 20
2 1 51 20
2 1 49 20
23 1 37 20
2 1 50 20
11 1 36 20
11 1 35 20
22 0 38 20
24 0 36 20
6 0 31 20
8 0 53 20
4 1 51 20
3 1 51 20
9 1 31 20
11 1 31 20
16 1 46 20
15 1 45 20
15 1 46 20
14 1 46 20
8 1 53 20
7 1 51 20
3 0 51 20
18 0 41 20
14 0 50 20
4 0 44 20
2 0 49 20
6 2 51 20
7 0 52 20
1 0 51 20
6 0 44 20
2 0 50 20
21 0 38 20
2 1 48 21
2 1 50 21
2 1 51 21
26 1 38 21
19 1 38 21
9 1 31 21
8 1 53 21
7 1 52 21
6 1 31 21
5 1 36 21
4 1 51 21
3 1 51 21
3 1 50 21
11 1 31 21
15 1 46 21
11 1 34 21
11 1 35 21
18 1 41 21
11 1 36 21
6 2 51 21
7 0 52 21
15 1 45 21
21 0 38 21
2 0 49 21
6 0 44 21
4 0 44 21
8 0 53 21
6 0 31 21
24 0 36 21
22 0 38 21
2 0 50 21
14 0 50 21
3 0 51 21
1 0 51 21
19 1 38 22
11 1 36 22
11 1 35 22
4 1 44 22
2 1 49 22
20 0 40 22
21 0 38 22
2 0 50 22
4 1 51 22
9 0 53 22
8 1 53 22
3 1 51 22
6 1 51 22
2 1 50 22
3 1 50 22
4 0 44 22
24 0 36 22
11 1 31 22
15 1 29 22
9 1 31 22
11 1 34 22
15 1 45 22
2 1 48 22
3 0 51 22
6 2 51 22
22 0 38 22
14 0 50 22
6 0 44 22
2 0 49 22
15 1 46 22
2 1 50 23
11 1 36 23
18 1 41 23
19 1 38 23
23 1 37 23
4 1 45 23
3 1 50 23
2 1 49 23
2 1 51 23
8 1 53 23
9 1 34 23
4 1 51 23
24 0 36 23
4 0 44 23
8 0 53 23
6 1 51 23
11 1 31 23
14 0 50 23
2 0 50 23
2 0 49 23
6 0 44 23
19 0 40 23
21 0 38 23
9 1 31 23
22 0 38 23
6 2 51 23
1 0 51 23
15 1 45 23
16 1 46 23
11 1 35 23
15 1 46 23
6 0 31 23
15 1 46 24
3 1 51 24
16 1 46 24
21 0 38 24
22 0 38 24
24 0 36 24
6 0 31 24
4 0 44 24
8 1 53 24
4 1 51 24
6 1 51 24
2 1 51 24
9 1 31 24
6 1 31 24
18 1 41 24
3 1 50 24
2 1 50 24
2 1 48 24
4 1 45 24
26 1 38 24
20 0 40 24
6 2 51 24
6 0 44 24
2 0 49 24
11 1 34 24
15 1 45 24
23 1 42 24
19 1 38 24
23 1 37 24
11 1 35 24
11 1 31 24
11 1 36 24
9 1 34 24
1 0 51 24
14 0 50 24
2 0 50 24
2 1 50 25
9 1 31 25
2 1 49 25
11 1 31 25
4 1 30 25
6 1 51 25
23 1 37 25
19 1 38 25
6 0 44 25
2 0 49 25
2 0 50 25
16 1 46 25
15 1 45 25
11 1 34 25
11 1 36 25
14 0 50 25
1 0 51 25
19 0 40 25
24 0 36 25
21 0 38 25
4 0 44 25
6 2 51 25
3 1 50 25
3 1 51 25
4 1 51 25
4 1 44 25
26 1 38 25
15 1 45 26
4 1 44 26
19 1 38 26
21 0 38 26
2 0 50 26
14 0 50 26
23 1 37 26
5 1 36 26
2 1 50 26
6 2 51 26
2 1 51 26
4 1 45 26
3 1 50 26
16 1 46 26
22 0 38 26
6 0 44 26
1 0 51 26
7 0 52 26
24 0 36 26
4 0 44 26
8 1 53 26
6 1 51 26
7 1 52 26
4 1 51 26
15 1 46 26
11 1 35 26
11 1 36 26
9 1 31 26
11 1 34 26
22 0 38 27
6 0 31 27
3 1 50 27
3 1 51 27
2 1 51 27
2 1 50 27
16 1 46 27
15 1 46 27
15 1 45 27
4 1 51 27
7 1 51 27
20 1 40 27
19 1 38 27
19 1 40 27
6 1 31 27
11 1 31 27
21 0 38 27
11 1 34 27
4 0 44 27
6 1 51 27
8 1 53 27
24 0 36 27
20 1 28 27
23 1 42 27
23 1 37 27
15 1 29 27
11 1 35 27
11 1 36 27
9 1 31 27
9 1 34 27
14 0 50 27
2 0 50 27
6 0 44 27
20 0 40 27
6 2 51 27
1 0 51 27
3 0 51 27
11 1 36 28
11 1 35 28
11 1 34 28
19 1 38 28
20 1 40 28
3 1 50 28
4 1 51 28
4 1 45 28
6 1 51 28
11 1 31 28
18 1 41 28
15 1 45 28
16 1 46 28
3 0 51 28
24 0 36 28
6 2 51 28
1 0 51 28
2 0 50 28
14 0 50 28
21 0 38 28
6 0 44 28
4 0 44 28
11 1 31 29
11 1 34 29
14 1 46 29
11 1 35 29
19 1 38 29
26 1 38 29
2 1 51 29
2 1 50 29
3 1 50 29
18 1 41 29
11 1 36 29
1 0 51 29
3 0 51 29
14 0 50 29
2 0 50 29
2 0 49 29
6 0 44 29
16 1 46 29
15 1 46 29
4 1 45 29
4 0 44 29
15 1 45 29
3 1 51 29
24 0 36 29
4 1 51 29
21 0 38 29
6 2 51 29
15 1 45 30
16 1 46 30
19 1 38 30
15 1 46 30
2 1 49 30
6 2 51 30
6 0 31 30
4 0 44 30
4 1 51 30
6 1 51 30
2 1 51 30
6 0 44 30
20 0 40 30
21 0 38 30
22 0 38 30
9 0 34 30
24 0 36 30
2 1 50 30
11 1 34 30
9 1 34 30
11 1 35 30
11 1 36 30
23 1 37 30
3 1 50 30
2 0 50 30
2 0 49 30
14 0 50 30
3 0 51 30
15 1 45 31
16 1 46 31
24 0 36 31
8 1 53 31
2 1 51 31
3 0 51 31
1 0 51 31
14 0 50 31
2 0 50 31
6 2 51 31
19 1 38 31
23 1 37 31
2 1 49 31
3 1 50 31
4 1 51 31
6 1 31 31
6 1 51 31
11 1 34 31
11 1 35 31
11 1 31 31
11 1 36 31
2 1 50 31
15 1 46 31
9 1 31 31
9 1 34 31
2 0 49 31
22 0 38 31
21 0 38 31
6 0 44 31
6 0 31 31
4 0 44 31
9 0 34 31
15 1 45 32
16 1 46 32
15 1 46 32
3 1 50 32
2 1 50 32
6 2 51 32
2 1 51 32
26 1 38 32
9 0 34 32
1 0 51 32
3 0 51 32
17 2 43 32
19 1 38 32
20 1 40 32
4 0 44 32
24 0 36 32
6 1 51 32
11 1 34 32
4 1 51 32
11 1 36 32
9 1 31 32
5 1 36 32
11 1 31 32
2 0 50 32
6 0 44 32
14 0 50 32
3 1 50 33
15 1 45 33
6 1 51 33
2 1 50 33
4 1 51 33
4 1 44 33
4 1 45 33
6 2 51 33
3 0 51 33
1 0 51 33
14 0 50 33
2 1 51 33
2 1 49 33
9 1 34 33
11 1 36 33
11 1 31 33
19 1 38 33
23 1 37 33
11 1 34 33
15 1 46 33
11 1 35 33
16 1 46 33
2 0 50 33
6 0 44 33
24 0 36 33
4 0 44 33
19 0 40 33
21 0 38 33
22 0 38 33
9 1 34 34
6 2 51 34
15 1 46 34
2 1 50 34
2 1 51 34
6 1 51 34
4 1 51 34
3 1 50 34
24 0 36 34
11 1 35 34
11 1 36 34
23 1 37 34
15 1 45 34
20 1 40 34
26 1 38 34
19 1 38 34
11 1 34 34
11 1 31 34
2 0 50 34
14 0 50 34
9 0 34 34
1 0 51 34
20 0 40 34
16 1 46 34
17 2 43 34
22 0 38 34
3 0 51 34
21 0 38 34
4 0 44 34
5 1 36 35
16 1 46 35
9 1 31 35
6 1 31 35
11 1 34 35
11 1 35 35
24 0 36 35
8 0 53 35
15 1 46 35
3 1 50 35
6 1 51 35
4 0 44 35
15 1 45 35
9 0 34 35
8 1 53 35
23 1 37 35
19 1 38 35
2 1 51 35
26 1 38 35
11 1 36 35
11 1 31 35
6 2 51 35
21 0 38 35
22 0 38 35
1 0 51 35
17 2 43 35
4 1 51 35
4 1 44 35
2 1 50 35
6 0 31 35
14 0 50 35
3 0 51 35
6 0 44 35
2 0 50 35
16 1 46 36
21 0 38 36
6 0 44 36
6 1 51 36
4 1 51 36
6 2 51 36
23 2 35 36
17 2 43 36
1 0 51 36
2 0 50 36
15 1 46 36
11 1 35 36
11 1 34 36
23 1 35 36
4 0 44 36
24 0 36 36
14 0 50 36
3 0 51 36
9 0 53 36
15 1 45 36
19 1 38 36
4 1 45 36
5 1 31 36
11 1 31 36
3 1 50 36
6 2 51 37
3 0 51 37
11 1 34 37
5 1 36 37
6 1 51 37
11 1 31 37
16 1 46 37
15 1 45 37
11 1 36 37
11 1 35 37
4 1 45 37
23 1 37 37
2 1 51 37
21 1 38 37
23 0 32 37
9 0 34 37
24 0 36 37
1 0 51 37
4 1 44 37
4 1 51 37
3 1 50 37
4 0 44 37
14 0 50 37
2 0 50 37
6 0 44 37
21 0 38 37
11 1 31 38
16 1 46 38
15 1 45 38
15 1 46 38
20 0 40 38
11 1 34 38
11 1 35 38
11 1 36 38
9 1 34 38
6 1 51 38
19 1 38 38
3 1 50 38
23 1 37 38
3 0 51 38
14 0 50 38
2 0 50 38
3 1 51 38
5 1 36 38
4 1 51 38
9 0 34 38
2 1 51 38
2 1 50 38
1 0 51 38
4 0 44 38
24 0 36 38
22 0 38 38
21 0 38 38
6 2 51 38
14 1 46 39
11 1 34 39
15 1 45 39
4 1 44 39
19 1 38 39
14 0 50 39
3 0 51 39
1 0 51 39
24 0 36 39
15 1 46 39
4 1 45 39
5 1 36 39
4 0 44 39
11 1 35 39
11 1 36 39
4 1 51 39
3 1 51 39
24 0 35 39
3 1 50 39
11 1 31 39
9 1 31 39
16 1 46 39
21 0 38 39
6 0 44 39
2 0 50 39
6 2 51 39
15 1 46 40
24 0 36 40
6 1 51 40
4 0 44 40
3 1 51 40
4 1 51 40
5 1 36 40
6 2 51 40
9 1 31 40
11 1 31 40
11 1 34 40
11 1 36 40
11 1 35 40
23 1 35 40
19 1 38 40
23 1 37 40
21 0 38 40
3 1 50 40
23 2 35 40
26 1 38 40
14 0 50 40
2 0 50 40
2 0 49 40
6 0 44 40
1 0 51 40
16 1 46 40
15 1 45 40
24 0 35 40
2 1 50 40
6 1 51 41
7 1 51 41
4 1 45 41
5 1 36 41
7 2 51 41
16 1 46 41
11 1 35 41
23 1 35 41
18 1 41 41
6 0 44 41
23 2 35 41
9 1 34 41
11 1 34 41
9 1 31 41
11 1 31 41
6 2 51 41
2 0 50 41
2 0 49 41
14 0 50 41
4 1 51 41
2 1 50 41
11 1 36 41
15 1 45 41
3 1 50 41
19 1 40 41
15 1 46 41
2 1 49 41
2 1 51 41
8 1 53 41
19 1 38 41
21 1 38 41
6 0 31 41
26 1 38 41
4 0 44 41
19 0 40 41
24 0 36 41
21 0 38 41
19 1 38 42
11 1 34 42
11 1 35 42
23 1 35 42
11 1 31 42
2 1 49 42
16 1 46 42
24 0 36 42
6 0 31 42
15 1 45 42
15 1 46 42
21 0 38 42
2 0 49 42
14 0 50 42
11 1 36 42
2 0 50 42
9 1 31 42
23 1 37 42
7 1 52 42
2 1 51 42
3 1 50 42
6 2 51 42
22 0 38 42
19 0 40 42
23 2 35 42
6 0 44 42
4 1 51 42
4 0 44 42
9 0 53 42
4 0 30 42
2 1 48 43
21 1 38 43
23 1 37 43
19 1 39 43
19 1 38 43
11 1 36 43
11 1 35 43
16 1 46 43
3 1 50 43
6 1 31 43
2 1 50 43
9 1 34 43
2 1 51 43
24 0 36 43
15 1 45 43
4 1 30 43
4 1 51 43
7 1 52 43
11 1 34 43
15 1 46 43
6 2 51 43
2 0 49 43
22 0 38 43
14 0 50 43
2 0 50 43
4 0 44 43
6 0 31 43
21 0 38 43
6 0 44 43
19 0 40 44
24 0 36 44
4 0 44 44
8 1 52 44
16 1 46 44
6 1 44 44
11 1 34 44
11 1 31 44
3 1 51 44
15 1 29 44
6 1 51 44
11 1 36 44
4 1 51 44
2 1 51 44
2 1 50 44
2 1 48 44
3 1 50 44
23 1 37 44
19 1 40 44
15 1 45 44
4 1 44 44
9 0 34 44
6 0 44 44
2 0 49 44
6 2 51 44
14 0 50 44
2 0 50 44
19 1 38 44
15 0 38 44
20 0 40 44
21 0 38 44
6 1 51 45
3 1 50 45
2 1 51 45
4 1 51 45
17 2 43 45
6 2 51 45
2 1 50 45
2 1 48 45
8 1 53 45
9 0 34 45
11 1 31 45
11 1 36 45
26 1 38 45
9 1 31 45
2 0 49 45
2 0 50 45
2 1 49 45
15 1 45 45
19 1 38 45
6 0 44 45
19 0 40 45
4 0 44 45
14 0 50 45
15 1 46 45
11 1 34 45
11 1 35 45
24 0 36 45
21 0 38 45
9 0 34 46
9 1 34 46
11 1 35 46
11 1 36 46
24 0 36 46
21 0 38 46
6 0 44 46
23 1 42 46
2 1 50 46
23 1 37 46
19 1 38 46
20 1 40 46
15 1 46 46
2 1 49 46
11 1 31 46
16 1 46 46
19 0 40 46
8 1 53 46
2 1 51 46
7 1 52 46
6 1 51 46
22 0 38 46
4 1 51 46
3 1 50 46
4 1 45 46
7 0 52 46
14 0 50 46
6 2 51 46
11 1 34 46
2 0 49 46
2 0 50 46
15 1 45 46
8 0 53 46
4 0 44 46
4 1 44 47
15 1 45 47
4 1 45 47
6 1 44 47
24 0 36 47
19 1 40 47
21 0 38 47
2 0 50 47
2 1 51 47
2 1 50 47
6 2 51 47
5 1 36 47
11 1 36 47
19 1 38 47
2 1 49 47
15 1 46 47
16 1 46 47
11 1 35 47
7 1 52 47
19 0 40 47
7 0 52 47
14 0 50 47
6 1 51 47
4 1 51 47
3 1 50 47
11 1 31 47
11 1 34 47
9 1 34 47
2 0 49 47
6 0 44 47
4 0 44 47
4 0 30 47
9 0 34 47
11 1 36 48
23 1 37 48
19 1 38 48
20 1 40 48
19 1 40 48
15 1 45 48
16 1 46 48
15 1 46 48
2 1 48 48
2 1 49 48
2 1 50 48
3 1 50 48
2 0 50 48
14 0 50 48
6 2 51 48
2 1 51 48
4 1 51 48
2 0 49 48
19 0 40 48
21 0 38 48
6 1 51 48
24 0 36 48
9 0 34 48
4 0 44 48
11 1 34 48
11 1 31 48
3 1 51 49
2 1 48 49
2 1 49 49
2 1 50 49
21 0 38 49
14 0 50 49
2 0 50 49
2 0 49 49
6 2 51 49
16 1 46 49
11 1 31 49
2 1 51 49
3 1 50 49
4 1 51 49
4 1 44 49
15 1 45 49
15 1 46 49
19 0 40 49
24 0 36 49
4 0 44 49
6 0 44 49
22 0 38 49
19 1 38 49
11 1 34 49
11 1 36 49
6 1 51 49
20 1 40 49
20 1 28 50
19 1 38 50
2 1 50 50
4 1 51 50
3 1 50 50
2 1 49 50
15 1 45 50
6 2 51 50
17 2 43 50
21 0 38 50
4 1 45 50
2 1 48 50
6 1 51 50
9 1 31 50
16 1 46 50
2 0 49 50
6 0 44 50
2 0 50 50
14 0 50 50
15 1 46 50
11 1 36 50
9 1 34 50
11 1 35 50
11 1 34 50
20 0 28 50
19 0 40 50
24 0 36 50
11 1 31 50
4 0 44 50
15 1 45 51
15 1 46 51
8 1 53 51
19 1 38 51
11 1 34 51
11 1 31 51
11 1 36 51
23 1 37 51
6 1 51 51
3 1 51 51
3 1 50 51
2 1 50 51
4 1 30 51
2 1 49 51
14 0 50 51
4 1 51 51
4 1 44 51
9 1 34 51
1 0 51 51
22 0 38 51
24 0 36 51
9 0 34 51
16 1 46 51
19 0 40 51
4 0 44 51
21 0 38 51
6 2 51 51
2 0 50 51
2 0 49 51
6 0 44 51
4 1 51 52
19 1 38 52
11 1 36 52
11 1 34 52
11 1 31 52
15 1 29 52
16 1 46 52
15 1 45 52
3 1 50 52
23 1 42 52
4 1 44 52
6 1 51 52
26 1 38 52
19 0 40 52
24 0 36 52
2 1 51 52
4 0 44 52
21 0 38 52
1 0 51 52
8 0 53 52
9 0 34 52
2 0 50 52
2 0 49 52
6 0 44 52
15 1 46 52
14 0 50 52
6 2 51 52
2 1 49 52
2 1 50 52
11 1 34 53
2 1 49 53
15 1 46 53
2 1 48 53
15 1 45 53
4 1 44 53
23 1 42 53
16 1 46 53
4 0 44 53
24 0 36 53
2 1 51 53
19 0 40 53
3 1 51 53
6 1 51 53
4 1 51 53
23 1 37 53
3 1 50 53
1 0 51 53
2 0 50 53
2 1 50 53
15 1 29 53
11 1 31 53
17 2 43 53
6 2 51 53
9 0 34 53
22 0 38 53
21 0 38 53
15 0 38 53
6 0 44 53
2 0 49 53
19 1 38 53
14 0 50 53
15 1 45 54
23 1 37 54
16 1 46 54
15 1 46 54
21 0 38 54
24 0 36 54
4 1 51 54
6 1 51 54
1 0 51 54
20 1 40 54
6 0 44 54
14 1 46 54
11 1 36 54
2 1 50 54
2 1 49 54
2 1 48 54
11 1 31 54
3 1 50 54
26 1 38 54
22 0 38 54
11 1 35 54
6 2 51 54
11 1 34 54
9 1 34 54
19 1 38 54
19 0 40 54
14 0 50 54
2 0 50 54
2 0 49 54
4 0 44 54
13 0 34 55
2 1 48 55
4 1 51 55
3 1 50 55
8 1 53 55
2 0 50 55
8 0 53 55
22 0 38 55
21 0 38 55
2 1 49 55
16 1 46 55
6 0 44 55
4 0 44 55
11 1 31 55
14 0 50 55
2 0 49 55
24 0 36 55
3 1 51 55
2 1 50 55
19 1 38 55
19 0 40 55
15 1 45 55
11 1 36 55
4 1 44 55
6 1 51 55
11 1 34 55
1 0 51 55
6 2 51 55
26 1 38 56
15 1 45 56
16 1 46 56
19 1 38 56
19 1 40 56
11 1 34 56
9 1 31 56
11 1 36 56
11 1 35 56
11 1 31 56
23 1 37 56
4 0 44 56
2 1 48 56
2 1 49 56
3 1 50 56
4 1 51 56
6 1 51 56
8 1 53 56
19 0 40 56
3 1 51 56
2 1 51 56
17 2 43 56
14 0 50 56
24 0 36 56
9 0 34 56
6 2 51 56
21 0 38 56
6 0 44 56
2 0 49 56
2 0 50 56
24 0 36 57
4 0 44 57
6 0 44 57
2 0 50 57
14 0 50 57
6 2 51 57
15 1 46 57
15 1 45 57
11 1 35 57
3 1 50 57
2 1 50 57
15 1 29 57
16 1 46 57
19 0 40 57
3 1 51 57
19 1 38 57
23 1 37 57
23 1 42 57
4 1 44 57
11 1 36 57
11 1 34 57
11 1 31 57
21 0 38 57
6 1 51 57
4 1 51 57
6 1 51 58
2 0 50 58
24 0 36 58
9 0 34 58
21 0 38 58
23 1 37 58
19 1 38 58
16 1 46 58
11 1 36 58
4 1 44 58
6 0 44 58
2 0 49 58
4 1 51 58
6 2 51 58
14 0 50 58
4 0 44 58
2 1 51 58
2 1 48 58
2 1 49 58
15 1 45 58
4 1 45 58
15 1 46 58
2 1 50 58
3 1 50 58
19 1 40 58
11 1 34 58
11 1 31 58
11 1 31 59
11 1 35 59
9 1 31 59
11 1 34 59
11 1 36 59
2 1 49 59
16 1 46 59
3 1 50 59
2 1 50 59
15 1 46 59
2 0 50 59
6 2 51 59
14 0 50 59
4 1 51 59
23 1 37 59
19 1 38 59
2 1 51 59
2 0 49 59
9 0 34 59
6 0 44 59
24 0 36 59
15 1 45 59
6 1 51 59
21 0 38 59
4 0 44 59
15 1 46 60
19 1 38 60
15 1 45 60
2 1 48 60
2 1 51 60
26 1 38 60
2 1 50 60
4 1 51 60
3 1 51 60
3 1 50 60
16 1 46 60
11 1 36 60
2 0 50 60
6 0 44 60
2 0 49 60
24 0 36 60
6 1 51 60
9 0 34 60
21 0 38 60
4 0 44 60
11 1 31 60
11 1 34 60
14 0 50 60
7 2 51 60
6 2 51 60
7 0 52 60
14 0 50 61
4 0 44 61
11 1 34 61
14 1 46 61
11 1 36 61
1 0 51 61
6 1 51 61
4 1 45 61
11 1 31 61
15 1 45 61
4 1 44 61
2 1 51 61
6 0 44 61
24 0 36 61
3 1 51 61
21 0 38 61
19 1 38 61
2 0 50 61
4 1 51 61
15 1 46 61
16 1 46 61
6 2 51 61
3 1 50 61
2 1 50 61
16 1 46 62
23 1 42 62
15 1 45 62
15 1 46 62
19 1 38 62
4 0 44 62
4 1 51 62
3 1 50 62
2 1 50 62
12 1 35 62
6 0 44 62
11 1 31 62
11 1 34 62
9 1 34 62
11 1 35 62
11 1 36 62
6 1 51 62
20 0 40 62
24 0 36 62
21 0 38 62
6 2 51 62
1 0 51 62
14 0 50 62
2 0 50 62
2 0 49 62
9 1 34 63
11 1 36 63
11 1 31 63
11 1 34 63
11 1 35 63
15 1 45 63
15 1 46 63
16 1 46 63
24 0 36 63
21 0 38 63
20 0 40 63
6 0 44 63
19 1 38 63
14 0 50 63
1 0 51 63
4 0 44 63
23 1 37 63
7 2 51 63
6 2 51 63
2 0 50 63
6 1 51 63
4 1 51 63
3 1 51 63
3 1 50 63
9 0 34 63
2 1 50 63
2 1 51 63
26 1 38 63
18 1 41 64
26 1 38 64
6 1 51 64
2 0 50 64
11 1 36 64
19 1 38 64
2 1 50 64
2 1 51 64
4 1 51 64
3 1 50 64
23 1 37 64
6 2 51 64
11 1 34 64
15 1 29 64
14 0 50 64
15 1 45 64
15 1 46 64
16 1 46 64
4 1 45 64
24 0 36 64
4 0 44 64
14 1 46 64
22 0 38 64
21 0 38 64
6 0 44 64
16 1 46 65
11 1 31 65
23 1 37 65
2 1 50 65
3 1 50 65
11 1 36 65
2 1 48 65
19 1 38 65
11 1 34 65
14 0 50 65
1 0 51 65
14 1 46 65
2 1 49 65
15 1 45 65
4 1 51 65
24 0 36 65
22 0 38 65
6 1 51 65
9 0 34 65
6 2 51 65
4 1 45 65
21 0 38 65
2 0 50 65
2 0 49 65
4 0 44 65
9 1 31 66
11 1 31 66
11 1 36 66
19 1 38 66
21 0 38 66
15 1 46 66
23 1 37 66
11 1 34 66
3 1 50 66
15 1 45 66
4 1 44 66
16 1 46 66
4 1 51 66
2 1 50 66
4 0 44 66
4 1 45 66
23 1 42 66
3 1 51 66
2 0 50 66
2 0 49 66
6 0 44 66
14 0 50 66
1 0 51 66
6 2 51 66
24 0 36 66
22 0 38 66
3 1 51 67
4 1 51 67
2 1 48 67
3 1 50 67
2 1 50 67
2 1 49 67
19 1 38 67
15 1 45 67
6 1 51 67
15 1 46 67
16 1 46 67
11 1 34 67
4 1 45 67
4 1 44 67
6 2 51 67
9 1 31 67
11 1 36 67
9 1 34 67
11 1 31 67
11 1 35 67
8 1 52 67
21 0 38 67
24 0 36 67
2 0 50 67
6 0 44 67
2 0 49 67
9 0 53 67
4 0 44 67
22 0 38 67
1 0 51 67
14 0 50 67
8 0 53 67
14 0 50 68
2 0 50 68
20 0 40 68
15 1 46 68
11 1 35 68
12 1 35 68
15 1 45 68
8 1 53 68
9 1 34 68
11 1 36 68
21 0 38 68
2 1 50 68
3 1 50 68
3 1 51 68
4 1 51 68
9 1 31 68
11 1 31 68
19 1 38 68
5 1 36 68
6 1 31 68
11 1 34 68
23 1 37 68
24 0 36 68
6 0 31 68
4 0 30 68
4 0 44 68
25 1 35 68
2 1 51 68
16 1 46 68
1 0 51 68
7 2 51 68
20 0 40 69
2 0 50 69
22 0 38 69
25 1 35 69
2 1 50 69
2 1 51 69
3 1 50 69
23 1 37 69
6 1 31 69
14 0 50 69
4 1 51 69
9 0 34 69
16 1 46 69
15 1 45 69
11 1 36 69
11 1 34 69
11 1 35 69
9 1 34 69
9 1 31 69
4 0 44 69
24 0 36 69
11 1 31 69
21 0 38 69
8 1 53 69
19 1 38 69
6 0 31 69
1 0 51 69
7 2 51 69
2 1 50 70
15 1 29 70
2 1 51 70
11 1 31 70
9 1 31 70
16 1 46 70
15 1 45 70
15 1 46 70
18 1 41 70
4 1 51 70
2 1 48 70
5 1 36 70
8 1 53 70
4 1 30 70
3 1 50 70
19 1 38 70
14 1 46 70
11 1 36 70
11 1 35 70
2 0 50 70
14 0 50 70
7 2 51 70
11 1 34 70
17 2 43 70
24 0 36 70
2 0 49 70
1 0 51 70
20 1 40 70
4 0 44 70
8 0 53 70
4 0 30 70
6 0 31 70
21 0 38 70
19 0 40 70
2 1 51 71
5 1 36 71
2 1 50 71
4 1 51 71
11 1 31 71
24 0 36 71
9 1 31 71
4 1 45 71
9 1 34 71
22 0 38 71
6 0 31 71
4 0 30 71
4 0 44 71
21 0 38 71
6 1 31 71
19 1 38 71
3 1 50 71
11 1 34 71
16 1 46 71
15 1 46 71
15 1 45 71
1 0 51 71
7 2 51 71
14 0 50 71
2 0 50 71
15 1 45 72
3 1 50 72
24 0 36 72
2 1 51 72
19 1 38 72
20 0 40 72
9 1 34 72
6 1 31 72
15 1 46 72
4 1 51 72
5 1 36 72
6 0 31 72
23 1 37 72
19 1 29 72
11 1 36 72
21 0 38 72
11 1 34 72
11 1 35 72
9 1 31 72
7 2 51 72
17 2 43 72
16 1 46 72
2 0 50 72
1 0 51 72
4 0 44 72
0 2 43 72
14 0 50 72
6 1 31 73
15 1 45 73
11 1 34 73
11 1 35 73
11 1 36 73
9 1 31 73
5 1 36 73
15 1 46 73
19 1 38 73
9 0 34 73
11 1 31 73
16 1 46 73
24 0 36 73
3 1 50 73
4 1 51 73
2 1 51 73
6 0 31 73
4 0 44 73
7 2 51 73
1 0 51 73
14 0 50 73
2 0 50 73
21 0 38 73
22 0 38 73
22 0 38 74
19 1 38 74
11 1 31 74
11 1 34 74
20 1 40 74
2 1 51 74
3 1 50 74
5 1 36 74
7 1 51 74
11 1 36 74
15 1 45 74
16 1 46 74
11 1 35 74
14 1 46 74
2 0 50 74
14 0 50 74
7 0 44 74
6 0 31 74
24 0 36 74
15 1 46 74
19 1 40 74
19 0 40 74
21 0 38 74
20 0 40 74
6 2 51 74
7 2 51 74
7 2 51 75
16 1 46 75
15 1 46 75
14 1 46 75
24 0 36 75
9 0 34 75
11 1 35 75
11 1 34 75
11 1 31 75
6 1 31 75
15 1 45 75
4 1 45 75
6 0 31 75
2 0 50 75
14 0 50 75
2 1 51 75
2 1 50 75
3 1 50 75
20 1 40 75
19 1 38 75
20 0 40 75
21 0 38 75
11 1 36 75
2 1 50 76
9 1 34 76
2 0 50 76
24 0 36 76
2 1 51 76
2 0 49 76
21 0 38 76
11 1 34 76
6 1 31 76
3 1 50 76
16 1 46 76
4 1 30 76
4 1 45 76
7 2 51 76
23 1 42 76
11 1 31 76
9 1 31 76
15 1 46 76
2 1 48 76
9 0 34 76
19 1 38 76
15 1 45 76
6 0 31 76
4 0 30 76
4 1 51 76
14 1 46 76
14 0 50 76
17 2 43 76
2 0 50 77
2 0 51 77
1 0 51 77
2 1 49 77
14 0 50 77
4 1 45 77
17 2 43 77
7 2 51 77
6 2 51 77
6 0 31 77
24 0 36 77
22 0 38 77
21 0 38 77
20 0 40 77
2 1 51 77
3 1 50 77
2 1 50 77
2 0 49 77
4 0 44 77
19 1 38 77
16 1 46 77
15 1 45 77
15 1 46 77
11 1 31 77
6 1 31 77
11 1 36 77
5 1 36 77
23 1 37 77
9 1 34 77
11 1 35 77
11 1 34 77
4 0 30 77
14 1 46 77
4 1 45 78
16 1 46 78
14 1 46 78
15 1 45 78
4 1 30 78
6 1 31 78
9 1 31 78
11 1 31 78
9 1 34 78
11 1 34 78
11 1 36 78
11 1 35 78
19 1 38 78
23 1 37 78
2 1 51 78
2 1 50 78
2 1 49 78
3 1 50 78
24 0 36 78
22 0 38 78
4 0 30 78
6 0 31 78
9 0 34 78
2 0 50 78
4 0 44 78
1 0 51 78
14 0 50 78
6 2 51 78
20 0 40 78
21 0 38 78
7 2 51 78
2 0 49 78
7 1 51 79
11 1 35 79
11 1 36 79
2 1 51 79
22 0 38 79
24 0 36 79
3 1 50 79
2 1 50 79
6 0 31 79
2 1 49 79
9 1 34 79
7 2 51 79
4 1 30 79
11 1 31 79
6 1 31 79
4 0 30 79
19 1 38 79
20 1 28 79
19 1 40 79
4 1 45 79
14 0 50 79
17 2 43 79
2 0 50 79
16 1 46 79
15 1 45 79
14 1 46 79
21 0 38 79
4 0 44 79
2 0 49 79
6 2 51 79
15 1 29 80
11 1 36 80
15 1 45 80
5 1 36 80
9 1 34 80
4 1 45 80
6 1 31 80
2 0 50 80
19 1 40 80
19 1 38 80
14 0 50 80
23 1 37 80
7 2 51 80
1 0 51 80
9 0 34 80
6 0 31 80
11 1 35 80
11 1 34 80
2 1 50 80
2 1 51 80
3 1 50 80
7 1 51 80
2 0 49 80
16 1 46 80
11 1 31 80
4 0 30 80
24 0 36 80
4 0 44 80
21 0 38 80
22 0 38 80
19 0 40 80
15 0 38 80
11 1 35 81
11 1 31 81
11 1 34 81
9 1 34 81
2 1 50 81
2 1 51 81
15 1 45 81
4 1 45 81
19 1 38 81
26 1 38 81
6 1 31 81
4 1 30 81
14 1 46 81
5 1 36 81
11 1 36 81
16 1 46 81
23 1 37 81
21 0 38 81
6 0 31 81
24 0 36 81
4 0 30 81
7 1 51 81
2 1 48 81
9 1 31 81
3 1 50 81
4 0 44 81
22 0 38 81
2 0 50 81
7 2 51 81
14 0 50 81
4 0 44 82
4 1 45 82
4 1 44 82
7 1 51 82
14 1 46 82
2 1 50 82
6 1 31 82
24 0 36 82
22 0 38 82
3 1 50 82
2 1 51 82
21 0 38 82
20 0 40 82
15 0 38 82
15 1 46 82
15 1 45 82
16 1 29 82
11 1 31 82
11 1 35 82
16 1 46 82
15 1 29 82
19 1 38 82
23 1 37 82
9 1 34 82
6 0 31 82
11 1 36 82
7 2 51 82
3 0 47 82
2 0 50 82
9 1 31 82
17 2 43 82
1 0 51 82
14 0 50 82
23 1 37 83
2 1 51 83
7 2 51 83
3 1 50 83
5 1 36 83
15 1 46 83
2 1 49 83
2 1 48 83
2 1 50 83
11 1 34 83
11 1 36 83
7 1 51 83
15 1 45 83
9 1 34 83
11 1 31 83
6 1 31 83
9 1 31 83
11 1 35 83
14 1 46 83
16 1 46 83
20 1 40 83
2 0 49 83
23 1 42 83
19 1 38 83
2 0 50 83
4 0 44 83
24 0 36 83
21 0 38 83
15 0 38 83
6 0 31 83
22 0 38 83
1 0 51 83
14 0 50 83
19 1 38 84
23 1 37 84
11 1 36 84
11 1 34 84
9 1 34 84
23 1 42 84
11 1 31 84
15 1 46 84
15 1 45 84
3 1 50 84
6 1 31 84
20 1 28 84
16 1 46 84
2 1 50 84
2 1 51 84
9 1 31 84
4 0 44 84
20 0 40 84
2 0 50 84
14 0 50 84
24 0 36 84
6 0 31 84
6 2 51 84
21 0 38 84
2 0 51 84
19 1 38 85
2 0 50 85
14 0 50 85
1 0 51 85
17 2 43 85
5 1 36 85
11 1 36 85
15 1 46 85
11 1 34 85
7 2 51 85
2 0 49 85
6 1 31 85
20 1 28 85
15 1 45 85
21 1 38 85
26 1 38 85
23 1 37 85
2 1 50 85
2 1 51 85
16 1 46 85
24 0 36 85
4 0 44 85
21 0 38 85
6 0 31 85
22 0 38 85
20 0 40 85
4 1 45 85
3 1 50 85
20 0 40 86
19 1 38 86
2 1 51 86
23 1 37 86
2 1 48 86
3 1 50 86
2 1 50 86
9 1 31 86
5 1 36 86
11 1 36 86
11 1 35 86
4 1 30 86
4 1 45 86
4 1 51 86
16 1 46 86
15 1 45 86
15 1 46 86
11 1 31 86
24 0 36 86
21 0 38 86
2 0 50 86
7 2 51 86
14 0 50 86
6 2 51 86
1 0 51 87
19 1 38 87
23 1 42 87
15 1 45 87
9 1 31 87
23 1 37 87
22 0 38 87
21 0 38 87
24 0 36 87
4 1 51 87
16 1 46 87
2 1 50 87
11 1 31 87
6 1 31 87
8 1 53 87
7 2 51 87
2 0 50 87
2 0 49 87
14 0 50 87
6 0 31 87
14 0 50 88
2 0 50 88
19 1 38 88
2 1 50 88
23 1 42 88
2 0 49 88
9 0 34 88
20 0 40 88
7 2 51 88
21 0 38 88
3 1 50 88
6 2 51 88
1 0 51 88
7 1 51 88
24 0 36 88
15 1 45 88
15 1 46 88
2 1 51 88
4 1 51 88
23 1 37 88
11 1 35 88
16 1 46 88
11 1 36 88
11 1 31 88
5 1 36 88
9 1 34 88
6 1 31 88
2 1 51 89
2 1 50 89
2 1 48 89
3 1 50 89
5 1 36 89
23 1 37 89
23 1 42 89
11 1 35 89
11 1 36 89
19 1 38 89
9 1 34 89
11 1 31 89
11 1 34 89
15 1 46 89
15 1 45 89
16 1 46 89
7 2 51 89
24 0 36 89
21 0 38 89
4 0 44 89
8 0 53 89
6 0 31 89
9 0 34 89
6 2 51 89
6 0 44 89
20 0 40 89
22 0 38 89
2 0 50 89
2 0 49 89
14 0 50 89
2 1 48 90
5 1 36 90
3 1 50 90
2 1 50 90
4 1 51 90
4 1 45 90
4 1 44 90
11 1 31 90
2 1 51 90
23 1 37 90
26 1 38 90
19 1 40 90
19 1 38 90
9 1 31 90
6 1 31 90
9 1 34 90
11 1 34 90
15 1 46 90
16 1 46 90
7 1 51 90
11 1 36 90
11 1 35 90
15 1 45 90
6 0 31 90
24 0 36 90
2 0 50 90
10 0 34 90
22 0 38 90
21 0 38 90
20 0 40 90
6 2 51 90
7 2 51 90
14 0 50 90
4 0 44 90
6 0 44 90
2 1 49 91
2 1 50 91
23 1 37 91
19 1 38 91
11 1 35 91
3 1 50 91
7 1 51 91
5 1 36 91
2 1 51 91
16 1 46 91
9 1 34 91
15 1 45 91
15 1 46 91
11 1 36 91
11 1 34 91
24 0 36 91
10 0 34 91
9 0 34 91
22 0 38 91
20 0 40 91
7 2 51 91
21 0 38 91
14 0 50 91
1 0 51 91
2 0 51 91
2 0 50 91
2 0 49 91
2 0 50 92
2 0 51 92
14 0 50 92
2 1 50 92
2 1 51 92
2 1 49 92
7 1 51 92
7 2 51 92
2 0 49 92
1 0 51 92
17 2 43 92
21 0 38 92
9 1 34 92
11 1 31 92
11 1 35 92
11 1 36 92
3 1 50 92
15 1 45 92
15 1 46 92
19 1 38 92
16 1 46 92
4 0 44 92
24 0 36 92
5 1 36 93
15 1 45 93
11 1 31 93
11 1 36 93
9 1 34 93
9 1 31 93
4 1 45 93
3 1 50 93
2 1 51 93
2 1 50 93
23 1 37 93
19 1 38 93
17 1 27 93
6 2 51 93
7 2 51 93
14 0 50 93
2 0 50 93
7 1 51 93
1 0 51 93
16 1 46 93
24 0 36 93
2 0 49 93
22 0 38 93
21 0 38 93
15 1 46 93
11 1 36 94
15 0 38 94
14 0 50 94
2 0 50 94
2 0 49 94
21 0 38 94
11 1 35 94
11 1 31 94
2 1 49 94
2 1 48 94
2 1 50 94
2 1 51 94
23 1 37 94
19 1 38 94
3 1 50 94
7 1 51 94
24 0 36 94
5 1 36 94
15 1 46 94
14 1 46 94
15 1 45 94
4 1 45 94
22 0 38 94
9 1 34 94
16 1 46 94
7 2 51 94
1 0 51 94
19 1 38 95
2 1 51 95
2 1 50 95
3 1 50 95
14 1 46 95
16 1 46 95
15 1 45 95
2 1 49 95
26 1 38 95
23 1 37 95
5 1 36 95
11 1 36 95
11 1 35 95
11 1 31 95
7 1 51 95
2 0 50 95
7 2 51 95
14 0 50 95
1 0 51 95
22 0 38 95
19 0 40 95
24 0 36 95
6 0 31 95
2 0 49 95
21 0 38 95
4 0 44 96
3 1 50 96
11 1 34 96
23 1 37 96
11 1 31 96
9 0 34 96
11 1 36 96
11 1 35 96
24 0 36 96
16 1 46 96
15 1 45 96
15 1 46 96
9 1 34 96
2 1 49 96
19 1 38 96
2 1 51 96
2 0 49 96
2 1 50 96
7 1 51 96
2 0 50 96
4 1 45 96
21 0 38 96
14 0 50 96
7 2 51 96
22 0 38 96
2 1 49 97
2 1 48 97
11 1 31 97
1 0 51 97
17 2 43 97
7 2 51 97
14 0 50 97
9 1 31 97
11 1 36 97
11 1 35 97
16 1 46 97
15 1 46 97
2 1 50 97
3 1 50 97
19 1 38 97
21 0 38 97
2 0 50 97
23 1 37 97
2 1 51 97
9 1 34 97
15 1 45 97
24 0 36 97
22 0 38 97
2 0 49 98
23 1 37 98
19 1 38 98
23 1 42 98
16 1 46 98
15 1 45 98
15 1 46 98
11 1 36 98
21 0 38 98
22 0 38 98
24 0 36 98
11 1 31 98
3 1 50 98
2 1 51 98
2 1 50 98
2 0 50 98
14 0 50 98
1 0 51 98
2 1 49 98
7 2 51 98
6 2 51 99
6 0 44 99
2 0 49 99
3 1 50 99
2 1 50 99
2 1 49 99
4 0 44 99
2 0 50 99
14 0 50 99
8 0 51 99
24 0 36 99
26 1 38 99
15 1 45 99
16 1 46 99
9 1 31 99
11 1 31 99
15 1 46 99
2 1 48 99
23 1 37 99
5 1 36 99
6 1 51 99
21 0 38 99
9 0 34 99
11 1 36 99
11 1 34 99
19 1 38 99
2 1 51 100
2 0 49 100
2 0 50 100
21 0 38 100
23 1 42 100
15 1 45 100
16 1 46 100
15 1 46 100
2 1 49 100
2 1 50 100
3 1 50 100
14 0 50 100
11 1 31 100
9 1 31 100
11 1 34 100
19 1 38 100
5 1 36 100
6 1 51 100
11 1 36 100
26 1 38 100
6 0 44 100
4 0 44 100
9 0 34 100
24 0 36 100
22 0 38 100
6 2 51 100
